61,61,61,61,45,45,45,45,45,45,61,61,61,61,45,45,45,45,45,45,61,61,61,61,45,45,45,45,45,45,228,187,147,229,186,147,226,128,187,231,174,161,231,144,134,231,179,187,231,187,159,45,45,45,45,45,45,61,61,61,61,45,45,45,45,45,45,61,61,61,61,45,45,45,45,45,45,61,61,61,61
45,45,32,233,148,133,231,130,137,231,138,182,230,128,129,32,32,32,32,32,32,32,32,32,32,32,45,45,32,228,187,147,229,130,168,229,174,185,233,135,143,229,137,169,228,189,153,32,32,32,32,32,32,32,32,32,32,32,32,32,32,32,32,32,32,45,45,32,229,174,154,229,144,145,231,137,169,229,147,129,231,174,161,231,144,134,45,49
226,148,140,226,148,128,226,148,128,226,148,128,226,148,128,226,148,128,226,148,128,226,148,128,226,148,128,226,148,128,226,148,128,226,148,128,226,148,128,226,148,128,226,148,128,226,148,128,226,148,144,32,226,148,140,226,148,128,226,148,128,226,148,128,226,148,128,226,148,128,226,148,128,226,148,128,226,148,128,226,148,128,226,148,128,226,148,128,226,148,128,226,148,128,226,148,128,226,148,128,226,148,128,226,148,128,226,148,128,226,148,128,226,148,128,226,148,128,226,148,128,226,148,144,32,32,226,148,140,226,148,128,226,148,128,226,148,128,226,148,128,226,148,128,226,148,128,226,148,128,226,148,128,226,148,128,226,148,128,226,148,128,226,148,128,226,148,128,226,148,128,226,148,128,226,148,128,226,148,128,226,148,128,226,148,128,226,148,128,226,148,128,226,148,144
226,148,131,233,148,133,231,130,137,49,239,188,154,231,173,137,231,186,167,57,32,233,148,133,231,130,137,51,239,188,154,231,173,137,231,186,167,57,226,148,131,32,226,148,131,229,130,168,229,173,152,49,239,188,154,57,48,37,32,229,130,168,229,173,152,51,239,188,154,57,48,37,32,229,130,168,229,173,152,53,239,188,154,57,48,37,226,148,131,32,226,148,131,231,186,162,231,159,179,229,157,151,239,188,154,57,48,37,32,233,135,145,229,157,151,239,188,154,57,48,37,32,231,159,179,229,164,180,239,188,154,57,48,37,226,148,131
226,148,131,233,148,133,231,130,137,50,239,188,154,231,173,137,231,186,167,57,32,233,148,133,231,130,137,52,239,188,154,231,173,137,231,186,167,57,226,148,131,32,226,148,131,229,130,168,229,173,152,50,239,188,154,57,48,37,32,229,130,168,229,173,152,52,239,188,154,57,48,37,32,231,187,143,233,170,140,231,189,144,239,188,154,57,48,37,226,148,131,32,226,148,131,228,184,139,231,149,140,229,178,169,239,188,154,57,48,37,32,233,147,129,229,157,151,239,188,154,57,48,37,32,229,174,137,229,177,177,239,188,154,57,48,37,226,148,131
226,148,148,226,148,128,226,148,128,226,148,128,226,148,128,226,148,128,226,148,128,226,148,128,226,148,128,226,148,128,226,148,128,226,148,128,226,148,128,226,148,128,226,148,128,226,148,128,226,148,152,32,226,148,148,226,148,128,226,148,128,226,148,128,226,148,128,226,148,128,226,148,128,226,148,128,226,148,128,226,148,128,226,148,128,226,148,128,226,148,128,226,148,128,226,148,128,226,148,128,226,148,128,226,148,128,226,148,128,226,148,128,226,148,128,226,148,128,226,148,128,226,148,152,32,32,226,148,148,226,148,128,226,148,128,226,148,128,226,148,128,226,148,128,226,148,128,226,148,128,226,148,128,226,148,128,226,148,128,226,148,128,226,148,128,226,148,128,226,148,128,226,148,128,226,148,128,226,148,128,226,148,128,226,148,128,226,148,128,226,148,128,226,148,152
45,45,32,229,174,154,229,144,145,231,137,169,229,147,129,231,174,161,231,144,134,45,50
226,148,140,226,148,128,226,148,128,226,148,128,226,148,128,226,148,128
226,148,131,230,183,177,230,157,191,229,178,169,239,188,154,57,48,37
226,148,131
226,148,148,226,148,128,226,148,128,226,148,128,226,148,128,226,148,128
45,45,32,229,143,175,232,167,134,229,140,150,230,149,176,230,141,174
